5
19 200000000002 1
25 200000000000 2
29 200000000003 3
1 100000000000 4
28 100000000006 5
2
12 100000000002 1
1 100000000001 2
4
20 100000000001 0
21 100000000003 0
10 200000000003 0
11 100000000005 0
2
15 100000000002 1
21 100000000000 0
2
30 100000000003 0
19 100000000002 0
4
20 200000000003 0
19 200000000004 0
4 100000000004 0
14 100000000003 0
7
8 200000000004 1
1 200000000003 2
2 100000000005 3
5 100000000001 4
19 100000000006 5
9 200000000000 6
28 100000000000 0
0
0
0
